0
-36
-36
-136
-28
64
512
868
1428
1616
1792
1608
1404
948
480
-80
-640
-1116
-1572
-1760
-1896
-1712
-1508
-1052
-584
-24
536
1012
1468
1656
1792
1608
1404
948
480
-80
-640
-1116
-1572
-1760
-1896
-1712
-1508
-1052
-584
-24
532
1008
1464
1664
1820
1652
1432
964
508
-36
-612
-1108
-1576
-1764
-1900
-1712
-1508
-1052
-584
-24
532
1008
1464
1664
1824
1656
1436
956
476
-84
-644
-1116
-1572
-1760
-1896
-1712
-1508
-1052
-584
-24
536
1012
1468
1656
1792
1608
1400
944
472
-76
-612
-1060
-1504
-1700
-1860
-1712
-1544
-1112
-648
-76
512
1000
1444
1612
1764
1600
1408
952
484
-80
-636
-1112
-1564
-1764
-1924
-1768
-1568
-1104
-608
-36
508
964
1432
1652
1824
1668
1468
1000
500
-72
-620
-1064
-1508
-1700
-1864
-1716
-1548
-1104
-620
-32
540
1016
1472
1656
1788
1604
1400
956
512
-32
-604
-1104
-1572
-1772
-1932
-1760
-1536
-1056
-576
-28
504
960
1428
1652
1824
1668
1472
1004
504
-80
-652
-1112
-1544
-1712
-1864
-1704
-1512
-1056
-584
-20
540
1004
1432
1604
1752
1604
1436
1008
544
-28
-612
-1100
-1544
-1724
-1896
