0
-36
-36
-136
-28
64
512
868
1428
1616
1792
1608
1404
948
480
-1192
-988
-848
-1324
-1656
-1832
-1748
-1508
-1052
-584
-24
536
1400
964
968
1396
1624
1384
1052
480
-80
-640
-1116
-1572
-1248
-764
-904
-1132
-1184
-612
-152
532
1008
1464
1664
1820
472
140
364
300
156
-548
-1008
-1576
-1764
-1900
-1712
-1508
320
404
176
512
828
1388
1624
1824
1656
1436
956
476
-1192
-988
-848
-1324
-1656
-1832
-1748
-1508
-1052
-584
-24
536
1400
964
968
1396
1624
1380
1048
472
-76
-612
-1060
-1504
-1284
-808
-944
-1168
-1236
-668
-200
512
1000
1444
1612
1764
452
100
328
260
112
-572
-1008
-1564
-1764
-1924
-1768
-1568
300
364
140
472
784
1356
1616
1824
1668
1468
1000
500
-1128
-904
-764
-1252
-1604
-1804
-1756
-1548
-1104
-620
-32
540
1400
964
968
1392
1620
1380
1060
512
-32
-604
-1104
-1572
-1288
-804
-948
-1156
-1184
-604
-156
504
960
1428
1652
1824
484
136
368
284
112
-584
-1008
-1544
-1712
-1864
-1704
-1512
320
408
180
520
824
1356
1564
1752
1604
1436
1008
544
-1172
-944
-808
-1280
-1620
-1832
